$ANSIBLE_VAULT;1.1;AES256
38393765326234646137326466376266306631623261376463336131356438333062613738363831
6233326339353034663834653537643935646663316234380a666630366332313830613639313765
34303238396661643136346530666639656232306662363764666462653965336461663062633833
6166303262363533370a373665323139353135653330613636633436643038646266386536633661
32323637346135643534623564616661346638393139663636636232316333646632346231323936
64633934303735396435393933353831393939316132303665646130333032393562353337363530
30663165356232346131383935383631393362613138643764333533373834656437613539306330
38323334633063613161633636326366613031303737323365653430613932313761623035353364
37346662633538353333653236616262386335316638633663653366313833343463646261393134
65396138646365343533386666666263336336616639353731626163623163336163353465663032
62383164393834326631333965306438313334333863613839363062343563353139333962636633
63633137613362393133313638653563633566656466336666653162316635633835643465316539
39343239383065626437393534656636306637653431323830306232346165383136
